,hour,LMP,VoltageAngle,VoltageAngleDualMax,VoltageAngleDualMin,Load,LoadPayment
301,1,22.732463,0.000000,0.000000,0.000000,49.404619,1123.0886734465969
301,2,22.732463,0.000000,0.000000,0.000000,48.003796,1091.244516429548
301,3,25.908321,0.000000,0.000000,0.000000,47.320468,1225.993874814228
301,4,26.429209,0.000000,0.000000,0.000000,47.149636,1246.127584117924
301,5,26.401998,0.000000,0.000000,0.000000,47.388801,1251.159029224398
301,6,22.732463,0.000000,0.000000,0.000000,47.064220,1069.88563977386
301,7,22.732463,0.000000,0.000000,0.000000,47.320468,1075.7107879526839
301,8,15.731579,0.000000,0.000000,0.000000,49.285036,775.331437351844
301,9,0.000000,0.000000,0.000000,0.000000,52.069598,0.0
301,10,0.000000,0.000000,0.000000,0.000000,55.298323,0.0
301,11,0.000000,0.000000,0.000000,0.000000,58.373300,0.0
301,12,0.000000,0.000000,0.000000,0.000000,60.662449,0.0
301,13,0.000000,0.000000,0.000000,0.000000,62.917431,0.0
301,14,15.731579,0.000000,0.000000,0.000000,65.565327,1031.4461213613329
301,15,22.732463,0.000000,0.000000,0.000000,66.863651,1519.975472402413
301,16,25.908321,0.000000,0.000000,0.000000,67.546979,1750.0288145122588
301,17,26.429209,0.000000,0.000000,0.000000,66.402404,1754.963013418436
301,18,26.845141,0.000000,0.000000,0.000000,64.044923,1719.294988269143
301,19,26.845141,0.000000,0.000000,0.000000,62.029105,1665.1800698288052
301,20,26.845141,0.000000,0.000000,0.000000,64.147422,1722.0465883765023
301,21,26.845141,0.000000,0.000000,0.000000,62.148687,1668.3902654798671
301,22,26.845141,0.000000,0.000000,0.000000,57.655805,1547.778214693505
301,23,26.755735,0.000000,0.000000,0.000000,53.248339,1424.698447474165
301,24,26.429209,0.000000,0.000000,0.000000,50.258779,1328.299774275811
302,1,22.732463,0.338970,0.000000,0.000000,44.372667,1008.7000107888209
302,2,22.732463,0.318316,0.000000,0.000000,43.114521,980.0992533952231
302,3,25.908321,0.179137,0.000000,0.000000,42.500791,1101.124135981911
302,4,26.429209,0.154713,0.000000,0.000000,42.347358,1119.2071751798221
302,5,26.401998,0.193855,0.000000,0.000000,42.562164,1123.726168803672
302,6,22.732463,0.268909,0.000000,0.000000,42.270642,960.9158052512461
302,7,22.732463,0.299928,0.000000,0.000000,42.500791,966.147658878233
302,8,15.731579,0.355376,0.000000,0.000000,44.265264,696.362497571856
302,9,0.000000,0.320969,0.000000,0.000000,46.766213,0.0
302,10,0.000000,0.061230,0.000000,0.000000,49.666087,0.0
302,11,0.000000,-0.024799,0.000000,0.000000,52.427871,0.0
302,12,0.000000,-0.112743,0.000000,0.000000,54.483866,0.0
302,13,0.000000,0.049889,0.000000,0.000000,56.509174,0.0
302,14,15.731579,0.047228,0.000000,0.000000,58.887377,926.391423378283
302,15,22.732463,0.065789,0.000000,0.000000,60.053464,1365.163148401832
302,16,25.908321,0.147492,0.000000,0.000000,60.667194,1571.7851363212742
302,17,26.429209,0.198137,0.000000,0.000000,59.639196,1576.216775675964
302,18,26.845141,0.379822,0.000000,0.000000,57.521829,1544.181610082889
302,19,26.845141,0.205961,0.000000,0.000000,55.711326,1495.5784017669662
302,20,26.845141,0.349061,0.000000,0.000000,57.613888,1546.6529469182083
302,21,26.845141,0.366663,0.000000,0.000000,55.818728,1498.4616236006482
302,22,26.845141,0.154202,0.000000,0.000000,51.783455,1390.134150942155
302,23,26.755735,0.142438,0.000000,0.000000,47.824897,1279.590270534295
302,24,26.429209,0.131438,0.000000,0.000000,45.139829,1193.009974865261
303,1,22.732463,-13.419690,0.000000,0.000000,82.341031,1871.814440589353
303,2,22.732463,-12.210567,0.000000,0.000000,80.006327,1818.7408682934008
303,3,25.908321,-7.723882,0.000000,0.000000,78.867447,2043.323133326487
303,4,26.429209,-7.020046,0.000000,0.000000,78.582727,2076.879315672943
303,5,26.401998,-8.784203,0.000000,0.000000,78.981335,2085.26504870733
303,6,22.732463,-11.321684,0.000000,0.000000,78.440367,1783.142740533921
303,7,22.732463,-11.934258,0.000000,0.000000,78.867447,1792.851320831961
303,8,15.731579,-13.389199,0.000000,0.000000,82.141727,1292.2190674969331
303,9,0.000000,-15.627717,0.000000,0.000000,86.782664,0.0
303,10,0.000000,-10.913434,0.000000,0.000000,92.163872,0.0
303,11,0.000000,-8.082413,0.000000,0.000000,97.288833,0.0
303,12,0.000000,-5.413882,0.000000,0.000000,101.104081,0.0
303,13,0.000000,-3.606285,0.000000,0.000000,104.862385,0.0
303,14,15.731579,-3.590133,0.000000,0.000000,109.275546,1719.076884667134
303,15,22.732463,-4.282369,0.000000,0.000000,111.439418,2533.292446426534
303,16,25.908321,-6.976201,0.000000,0.000000,112.578298,2916.7146822176583
303,17,26.429209,-8.883922,0.000000,0.000000,110.670674,2924.938373316866
303,18,26.845141,-7.940619,0.000000,0.000000,106.741538,2865.491638166858
303,19,26.845141,-9.211290,0.000000,0.000000,103.381841,2775.300098484581
303,20,26.845141,-6.832727,0.000000,0.000000,106.912370,2870.07764729417
303,21,26.845141,-7.301140,0.000000,0.000000,103.581145,2780.6504424664454
303,22,26.845141,-7.249152,0.000000,0.000000,96.093009,2579.630375719269
303,23,26.755735,-6.826063,0.000000,0.000000,88.747232,2374.49742137552
303,24,26.429209,-6.346891,0.000000,0.000000,83.764631,2213.832939506879
304,1,22.732463,-0.876525,0.000000,0.000000,33.851313,769.5237202739189
304,2,22.732463,-0.695900,0.000000,0.000000,32.891490,747.7045794398699
304,3,25.908321,-1.169842,0.000000,0.000000,32.423284,840.0328497461641
304,4,26.429209,-1.286302,0.000000,0.000000,32.306232,853.828157530488
304,5,26.401998,-1.360752,0.000000,0.000000,32.470104,857.275620867792
304,6,22.732463,-1.139154,0.000000,0.000000,32.247706,733.069783479878
304,7,22.732463,-0.876276,0.000000,0.000000,32.423284,737.0611038684921
304,8,15.731579,-0.586229,0.000000,0.000000,33.769377,531.245622056283
304,9,0.000000,-0.826295,0.000000,0.000000,35.677317,0.0
304,10,0.000000,-2.140728,0.000000,0.000000,37.889592,0.0
304,11,0.000000,-2.483559,0.000000,0.000000,39.996520,0.0
304,12,0.000000,-2.908830,0.000000,0.000000,41.565011,0.0
304,13,0.000000,-1.971801,0.000000,0.000000,43.110092,0.0
304,14,15.731579,-2.065532,0.000000,0.000000,44.924391,706.731606043389
304,15,22.732463,-2.066383,0.000000,0.000000,45.813983,1041.4646734301289
304,16,25.908321,-1.818805,0.000000,0.000000,46.282189,1199.0938091946691
304,17,26.429209,-1.730227,0.000000,0.000000,45.497944,1202.474671046296
304,18,26.845141,-0.682960,0.000000,0.000000,43.882632,1178.0354434911121
304,19,26.845141,-1.641647,0.000000,0.000000,42.501424,1140.956719980784
304,20,26.845141,-0.794418,0.000000,0.000000,43.952863,1179.920804588683
304,21,26.845141,-0.649824,0.000000,0.000000,42.583360,1143.15630345376
304,22,26.845141,-1.659564,0.000000,0.000000,39.504904,1060.5147180714641
304,23,26.755735,-1.540788,0.000000,0.000000,36.484973,976.1822690701549
304,24,26.429209,-1.465175,0.000000,0.000000,34.436571,910.1313322023391
305,1,22.732463,0.941928,0.000000,0.000000,32.478962,738.326801943406
305,2,22.732463,0.648464,0.000000,0.000000,31.558051,717.3922267096129
305,3,25.908321,-0.280673,0.000000,0.000000,31.108826,805.977449941146
305,4,26.429209,-0.407604,0.000000,0.000000,30.996520,819.21350535268
305,5,26.401998,0.053779,0.000000,0.000000,31.153749,822.521218790502
305,6,22.732463,0.636114,0.000000,0.000000,30.940367,703.3507480339209
305,7,22.732463,0.682075,0.000000,0.000000,31.108826,707.180236018438
305,8,15.731579,0.835862,0.000000,0.000000,32.400348,509.708634189492
305,9,0.000000,0.521767,0.000000,0.000000,34.230940,0.0
305,10,0.000000,-1.103526,0.000000,0.000000,36.353527,0.0
305,11,0.000000,-1.871416,0.000000,0.000000,38.375040,0.0
305,12,0.000000,-2.523959,0.000000,0.000000,39.879943,0.0
305,13,0.000000,-1.914297,0.000000,0.000000,41.362385,0.0
305,14,15.731579,-2.033605,0.000000,0.000000,43.103132,678.080326205428
305,15,22.732463,-1.930664,0.000000,0.000000,43.956659,999.243124321117
305,16,25.908321,-1.374800,0.000000,0.000000,44.405884,1150.481896960764
305,17,26.429209,-0.858036,0.000000,0.000000,43.653432,1153.725677895288
305,18,26.845141,0.160579,0.000000,0.000000,42.103606,1130.277239678446
305,19,26.845141,-0.560672,0.000000,0.000000,40.778393,1094.701709838413
305,20,26.845141,-0.055779,0.000000,0.000000,42.170990,1132.0861726595901
305,21,26.845141,0.123389,0.000000,0.000000,40.857007,1096.8121137529872
305,22,26.845141,-0.775692,0.000000,0.000000,37.903353,1017.5208556577732
305,23,26.755735,-0.708235,0.000000,0.000000,35.005853,936.6073263169551
305,24,26.429209,-0.688887,0.000000,0.000000,33.040494,873.2341213892461
306,1,22.732463,1.943961,0.000000,0.000000,62.213224,1414.259812690712
306,2,22.732463,1.474156,0.000000,0.000000,60.449225,1374.159770691175
306,3,25.908321,-0.000153,0.000000,0.000000,59.588738,1543.844152088898
306,4,26.429209,-0.203505,0.000000,0.000000,59.373616,1569.197706349744
306,5,26.401998,0.520543,0.000000,0.000000,59.674786,1575.533580622428
306,6,22.732463,1.435420,0.000000,0.000000,59.266055,1347.2634024434649
306,7,22.732463,1.516001,0.000000,0.000000,59.588738,1354.598781801694
306,8,15.731579,1.783105,0.000000,0.000000,62.062638,976.343292645402
306,9,0.000000,1.312626,0.000000,0.000000,65.569124,0.0
306,10,0.000000,-1.233756,0.000000,0.000000,69.634926,0.0
306,11,0.000000,-2.415206,0.000000,0.000000,73.507118,0.0
306,12,0.000000,-3.425433,0.000000,0.000000,76.389750,0.0
306,13,0.000000,-2.425962,0.000000,0.000000,79.229358,0.0
306,14,15.731579,-2.589051,0.000000,0.000000,82.563746,1298.858092734934
306,15,22.732463,-2.414871,0.000000,0.000000,84.198671,1914.043173156673
306,16,25.908321,-1.530967,0.000000,0.000000,85.059158,2203.739969453718
306,17,26.429209,-0.730013,0.000000,0.000000,83.617842,2209.9534223469777
306,18,26.845141,0.867676,0.000000,0.000000,80.649162,2165.0381254218423
306,19,26.845141,-0.304887,0.000000,0.000000,78.110724,2096.893399392084
306,20,26.845141,0.526925,0.000000,0.000000,80.778235,2168.503108306135
306,21,26.845141,0.791426,0.000000,0.000000,78.261310,2100.93590179471
306,22,26.845141,-0.685540,0.000000,0.000000,72.603606,1949.054040178446
306,23,26.755735,-0.620525,0.000000,0.000000,67.053464,1794.0647136160403
306,24,26.429209,-0.617942,0.000000,0.000000,63.288833,1672.673794723097
307,1,22.732463,6.594229,0.000000,0.000000,57.181272,1299.871150032936
307,2,22.732463,6.281980,0.000000,0.000000,55.559949,1263.014484924387
307,3,25.908321,4.871514,0.000000,0.000000,54.769060,1418.97438734826
307,4,26.429209,4.623705,0.000000,0.000000,54.571338,1442.277297411642
307,5,26.401998,5.041307,0.000000,0.000000,54.848149,1448.100720201702
307,6,22.732463,5.761546,0.000000,0.000000,54.472477,1238.2935679208508
307,7,22.732463,6.068776,0.000000,0.000000,54.769060,1245.03562999478
307,8,15.731579,6.619746,0.000000,0.000000,57.042866,897.3743528654139
307,9,0.000000,5.084823,0.000000,0.000000,60.265739,0.0
307,10,0.000000,1.681712,0.000000,0.000000,64.002689,0.0
307,11,0.000000,0.183464,0.000000,0.000000,67.561689,0.0
307,12,0.000000,-0.981424,0.000000,0.000000,70.211167,0.0
307,13,0.000000,0.711932,0.000000,0.000000,72.821101,0.0
307,14,15.731579,1.100831,0.000000,0.000000,75.885796,1193.803394751884
307,15,22.732463,1.969047,0.000000,0.000000,77.388485,1759.230871888555
307,16,25.908321,3.948232,0.000000,0.000000,78.179374,2025.496317171054
307,17,26.429209,5.778883,0.000000,0.000000,76.854635,2031.207211033715
307,18,26.845141,7.905803,0.000000,0.000000,74.126068,1989.9247472355883
307,19,26.845141,6.102998,0.000000,0.000000,71.792945,1927.2917313302453
307,20,26.845141,7.610491,0.000000,0.000000,74.244701,1993.1094668478413
307,21,26.845141,7.651249,0.000000,0.000000,71.931351,1931.0072599154912
307,22,26.845141,5.307360,0.000000,0.000000,66.731256,1791.4099764270961
307,23,26.755735,4.902580,0.000000,0.000000,61.630022,1648.95653667617
307,24,26.429209,4.597880,0.000000,0.000000,58.169883,1537.383995312547
308,1,22.732463,4.595719,0.000000,0.000000,78.223980,1778.22373106274
308,2,22.732463,4.340136,0.000000,0.000000,76.006011,1727.8038328350929
308,3,25.908321,2.957312,0.000000,0.000000,74.924075,1941.1569857280751
308,4,26.429209,2.716413,0.000000,0.000000,74.653591,1973.0353591395192
308,5,26.401998,3.124341,0.000000,0.000000,75.032268,1981.001789671464
308,6,22.732463,3.857709,0.000000,0.000000,74.518349,1693.985611463587
308,7,22.732463,4.154574,0.000000,0.000000,74.924075,1703.208762746725
308,8,15.731579,4.626073,0.000000,0.000000,78.034641,1227.6081196281389
308,9,0.000000,2.978510,0.000000,0.000000,82.443531,0.0
308,10,0.000000,-0.555209,0.000000,0.000000,87.555679,0.0
308,11,0.000000,-2.177846,0.000000,0.000000,92.424391,0.0
308,12,0.000000,-3.435335,0.000000,0.000000,96.048877,0.0
308,13,0.000000,-1.833197,0.000000,0.000000,99.619266,0.0
308,14,15.731579,-1.551410,0.000000,0.000000,103.811768,1633.123029421672
308,15,22.732463,-0.735713,0.000000,0.000000,105.867447,2406.627821831961
308,16,25.908321,1.215830,0.000000,0.000000,106.949383,2770.878945515943
308,17,26.429209,3.092781,0.000000,0.000000,105.137140,2778.69144672226
308,18,26.845141,5.315065,0.000000,0.000000,101.404461,2722.217053574001
308,19,26.845141,3.593804,0.000000,0.000000,98.212749,2636.535094902609
308,20,26.845141,5.015607,0.000000,0.000000,101.566751,2726.573751506891
308,21,26.845141,5.137218,0.000000,0.000000,98.402088,2641.6179270544085
308,22,26.845141,2.975074,0.000000,0.000000,91.288358,2450.648842168478
308,23,26.755735,2.748585,0.000000,0.000000,84.309870,2255.7725396044502
308,24,26.429209,2.564817,0.000000,0.000000,79.576400,2103.1413070676003
309,1,22.732463,-3.889009,0.000000,0.000000,80.053780,1819.81959186014
309,2,22.732463,-3.486364,0.000000,0.000000,77.783929,1768.220287987127
309,3,25.908321,-4.206543,0.000000,0.000000,76.676685,1986.5641681958853
309,4,26.429209,-4.391396,0.000000,0.000000,76.399873,2019.188211090457
309,5,26.401998,-4.568632,0.000000,0.000000,76.787409,2027.341018843182
309,6,22.732463,-4.213778,0.000000,0.000000,76.261468,1733.6109996356838
309,7,22.732463,-3.771492,0.000000,0.000000,76.676685,1743.049904725155
309,8,15.731579,-3.369544,0.000000,0.000000,79.860013,1256.324103450527
309,9,0.000000,-3.891714,0.000000,0.000000,84.372034,0.0
309,10,0.000000,-6.201657,0.000000,0.000000,89.603765,0.0
309,11,0.000000,-6.880328,0.000000,0.000000,94.586365,0.0
309,12,0.000000,-7.675299,0.000000,0.000000,98.295634,0.0
309,13,0.000000,-6.196185,0.000000,0.000000,101.949541,0.0
309,14,15.731579,-6.472603,0.000000,0.000000,106.240114,1671.324746360006
309,15,22.732463,-6.542360,0.000000,0.000000,108.343879,2462.923220643977
309,16,25.908321,-6.186846,0.000000,0.000000,109.451123,2835.694828494483
309,17,26.429209,-6.020474,0.000000,0.000000,107.596488,2843.690069017992
309,18,26.845141,-4.168130,0.000000,0.000000,103.776495,2785.894640760795
309,19,26.845141,-5.687207,0.000000,0.000000,100.510123,2698.208423862343
309,20,26.845141,-4.349856,0.000000,0.000000,103.942581,2790.353242848921
309,21,26.845141,-4.019664,0.000000,0.000000,100.703891,2703.4101531436313
309,22,26.845141,-5.498856,0.000000,0.000000,93.423758,2507.9739562598784
309,23,26.755735,-5.093230,0.000000,0.000000,86.282031,2308.539156697785
309,24,26.429209,-4.824630,0.000000,0.000000,81.437836,2152.337588151724
310,1,22.732463,0.279501,0.000000,0.000000,89.202784,2027.7989867769918
310,2,22.732463,-0.271351,0.000000,0.000000,86.673521,1970.3026092122227
310,3,25.908321,-2.139767,0.000000,0.000000,85.439734,2213.600054626614
310,4,26.429209,-2.392448,0.000000,0.000000,85.131288,2249.952602991192
310,5,26.401998,-1.461325,0.000000,0.000000,85.563113,2259.037138299774
310,6,22.732463,-0.265343,0.000000,0.000000,84.977064,1931.737963228632
310,7,22.732463,-0.180294,0.000000,0.000000,85.439734,1942.255591884842
310,8,15.731579,0.067591,0.000000,0.000000,88.986871,1399.903991099309
310,9,0.000000,-0.663985,0.000000,0.000000,94.014552,0.0
310,10,0.000000,-4.078954,0.000000,0.000000,99.844195,0.0
310,11,0.000000,-5.743763,0.000000,0.000000,105.396235,0.0
310,12,0.000000,-7.147757,0.000000,0.000000,109.529421,0.0
310,13,0.000000,-5.981660,0.000000,0.000000,113.600917,0.0
310,14,15.731579,-6.312257,0.000000,0.000000,118.381841,1862.3332838569388
310,15,22.732463,-6.145777,0.000000,0.000000,120.726036,2744.4001465066676
310,16,25.908321,-5.037081,0.000000,0.000000,121.959823,3159.774243387183
310,17,26.429209,-3.947373,0.000000,0.000000,119.893230,3168.68323335507
310,18,26.845141,-1.796051,0.000000,0.000000,115.636666,3104.282603539906
310,19,26.845141,-3.197190,0.000000,0.000000,111.996995,3006.5751223512952
310,20,26.845141,-2.239799,0.000000,0.000000,115.821734,3109.2507800944945
310,21,26.845141,-1.808889,0.000000,0.000000,112.212907,3012.371310434887
310,22,26.845141,-3.489860,0.000000,0.000000,104.100759,2794.599553562019
310,23,26.755735,-3.206471,0.000000,0.000000,96.142835,2572.3722154087254
310,24,26.429209,-3.067998,0.000000,0.000000,90.745017,2398.3190200015533
311,1,22.732463,-4.596907,0.000000,0.000000,0.000000,0.0
311,2,22.732463,-5.414048,0.000000,0.000000,0.000000,0.0
311,3,25.908321,-8.262226,0.000000,0.000000,0.000000,0.0
311,4,26.429209,-8.572647,0.000000,0.000000,0.000000,0.0
311,5,26.401998,-7.074799,0.000000,0.000000,0.000000,0.0
311,6,22.732463,-5.133323,0.000000,0.000000,0.000000,0.0
311,7,22.732463,-5.117802,0.000000,0.000000,0.000000,0.0
311,8,15.731579,-4.413414,0.000000,0.000000,0.000000,0.0
311,9,0.000000,-4.304147,0.000000,0.000000,0.000000,0.0
311,10,0.000000,-8.775388,0.000000,0.000000,0.000000,0.0
311,11,0.000000,-11.215857,0.000000,0.000000,0.000000,0.0
311,12,0.000000,-13.208323,0.000000,0.000000,0.000000,0.0
311,13,0.000000,-11.809535,0.000000,0.000000,0.000000,0.0
311,14,15.731579,-12.466173,0.000000,0.000000,0.000000,0.0
311,15,22.732463,-12.794594,0.000000,0.000000,0.000000,0.0
311,16,25.908321,-12.111206,0.000000,0.000000,0.000000,0.0
311,17,26.429209,-11.216565,0.000000,0.000000,0.000000,0.0
311,18,26.845141,-8.698464,0.000000,0.000000,0.000000,0.0
311,19,26.845141,-10.439733,0.000000,0.000000,0.000000,0.0
311,20,26.845141,-9.406072,0.000000,0.000000,0.000000,0.0
311,21,26.845141,-8.511527,0.000000,0.000000,0.000000,0.0
311,22,26.845141,-10.410716,0.000000,0.000000,0.000000,0.0
311,23,26.755735,-9.565892,0.000000,0.000000,0.000000,0.0
311,24,26.429209,-9.162210,0.000000,0.000000,0.000000,0.0
312,1,22.732463,-4.400213,0.000000,0.000000,0.000000,0.0
312,2,22.732463,-5.076447,0.000000,0.000000,0.000000,0.0
312,3,25.908321,-7.616630,0.000000,0.000000,0.000000,0.0
312,4,26.429209,-7.993369,0.000000,0.000000,0.000000,0.0
312,5,26.401998,-6.635176,0.000000,0.000000,0.000000,0.0
312,6,22.732463,-4.929573,0.000000,0.000000,0.000000,0.0
312,7,22.732463,-4.862930,0.000000,0.000000,0.000000,0.0
312,8,15.731579,-4.417579,0.000000,0.000000,0.000000,0.0
312,9,0.000000,-4.319190,0.000000,0.000000,0.000000,0.0
312,10,0.000000,-9.348164,0.000000,0.000000,0.000000,0.0
312,11,0.000000,-12.116838,0.000000,0.000000,0.000000,0.0
312,12,0.000000,-14.458675,0.000000,0.000000,0.000000,0.0
312,13,0.000000,-13.218184,0.000000,0.000000,0.000000,0.0
312,14,15.731579,-14.035702,0.000000,0.000000,0.000000,0.0
312,15,22.732463,-14.025084,0.000000,0.000000,0.000000,0.0
312,16,25.908321,-12.556359,0.000000,0.000000,0.000000,0.0
312,17,26.429209,-12.287373,0.000000,0.000000,0.000000,0.0
312,18,26.845141,-9.835854,0.000000,0.000000,0.000000,0.0
312,19,26.845141,-11.531849,0.000000,0.000000,0.000000,0.0
312,20,26.845141,-10.463612,0.000000,0.000000,0.000000,0.0
312,21,26.845141,-9.683727,0.000000,0.000000,0.000000,0.0
312,22,26.845141,-11.544244,0.000000,0.000000,0.000000,0.0
312,23,26.755735,-10.655646,0.000000,0.000000,0.000000,0.0
312,24,26.429209,-10.046834,0.000000,0.000000,0.000000,0.0
313,1,22.732463,-6.169590,0.000000,0.000000,121.224296,2755.7268235210477
313,2,22.732463,-7.113501,0.000000,0.000000,117.787093,2677.590733500059
313,3,25.908321,-10.172286,0.000000,0.000000,116.110408,3008.2257219049684
313,4,26.429209,-10.587691,0.000000,0.000000,115.691237,3057.627882141533
313,5,26.401998,-8.854877,0.000000,0.000000,116.278077,3069.9735563978456
313,6,22.732463,-6.775810,0.000000,0.000000,115.481651,2625.1823585364127
313,7,22.732463,-6.784914,0.000000,0.000000,116.110408,2639.4755537749043
313,8,15.731579,-6.394095,0.000000,0.000000,120.930876,1902.433629333204
313,9,0.000000,-4.399111,0.000000,0.000000,127.763366,0.0
313,10,0.000000,-12.628305,0.000000,0.000000,135.685701,0.0
313,11,0.000000,-16.214973,0.000000,0.000000,143.230781,0.0
313,12,0.000000,-20.368574,0.000000,0.000000,148.847675,0.0
313,13,0.000000,-19.103812,0.000000,0.000000,154.380734,0.0
313,14,15.731579,-20.798998,0.000000,0.000000,160.877887,2530.8631886935727
313,15,22.732463,-20.640717,0.000000,0.000000,164.063587,3729.569421124781
313,16,25.908321,-17.705989,0.000000,0.000000,165.740272,4294.052169603312
313,17,26.429209,-15.616811,0.000000,0.000000,162.931825,4306.159255676425
313,18,26.845141,-12.879579,0.000000,0.000000,157.147264,4218.640459844224
313,19,26.845141,-14.705343,0.000000,0.000000,152.201044,4085.858486527204
313,20,26.845141,-13.633972,0.000000,0.000000,157.398766,4225.392066496006
313,21,26.845141,-12.723999,0.000000,0.000000,152.494464,4093.735387799424
313,22,26.845141,-14.772815,0.000000,0.000000,141.470263,3797.789157542083
313,23,26.755735,-13.337453,0.000000,0.000000,130.655647,3495.787867385545
313,24,26.429209,-12.693900,0.000000,0.000000,123.320152,3259.254071119768
314,1,22.732463,-5.966620,0.000000,0.000000,88.745334,2017.4000215776418
314,2,22.732463,-7.396144,0.000000,0.000000,86.229041,1960.1984840579828
314,3,25.908321,-11.575690,0.000000,0.000000,85.001582,2202.248271963822
314,4,26.429209,-11.883651,0.000000,0.000000,84.694717,2238.414376788853
314,5,26.401998,-9.499074,0.000000,0.000000,85.124328,2247.452337607344
314,6,22.732463,-6.540547,0.000000,0.000000,84.541284,1921.8316105024921
314,7,22.732463,-6.744898,0.000000,0.000000,85.001582,1932.295317756466
314,8,15.731579,-5.394443,0.000000,0.000000,88.530528,1392.724995143712
314,9,0.000000,-6.214447,0.000000,0.000000,93.532426,0.0
314,10,0.000000,-8.966982,0.000000,0.000000,99.332173,0.0
314,11,0.000000,-11.641868,0.000000,0.000000,104.855742,0.0
314,12,0.000000,-12.614539,0.000000,0.000000,108.967732,0.0
314,13,0.000000,-11.022845,0.000000,0.000000,113.018349,0.0
314,14,15.731579,-11.115935,0.000000,0.000000,117.774755,1852.782862488145
314,15,22.732463,-12.239581,0.000000,0.000000,120.106928,2730.326296803664
314,16,25.908321,-13.576464,0.000000,0.000000,121.334388,3143.5702726425484
314,17,26.429209,-13.469606,0.000000,0.000000,119.278393,3152.433577781137
314,18,26.845141,-10.639382,0.000000,0.000000,115.043657,3088.363193320637
314,19,26.845141,-12.582130,0.000000,0.000000,111.422651,2991.156776688791
314,20,26.845141,-11.691317,0.000000,0.000000,115.227776,3093.3058938364165
314,21,26.845141,-10.307921,0.000000,0.000000,111.637456,2996.9232472012964
314,22,26.845141,-12.387566,0.000000,0.000000,103.566909,2780.268275039169
314,23,26.755735,-11.569690,0.000000,0.000000,95.649794,2559.18054106859
314,24,26.429209,-11.179678,0.000000,0.000000,90.279658,2386.019949730522
315,1,22.732463,-10.978001,0.000000,0.000000,145.011705,3296.473218479415
315,2,22.732463,-13.176961,0.000000,0.000000,140.900032,3203.004764138816
315,3,25.908321,-19.473557,0.000000,0.000000,138.894337,3598.5190680781775
315,4,26.429209,-20.170317,0.000000,0.000000,138.392914,3657.615248225026
315,5,26.401998,-16.430637,0.000000,0.000000,139.094907,3672.383456424186
315,6,22.732463,-11.554787,0.000000,0.000000,138.142202,3140.3124957035257
315,7,22.732463,-11.853336,0.000000,0.000000,138.894337,3157.410376762031
315,8,15.731579,-8.519302,0.000000,0.000000,144.660709,2275.741371829511
315,9,0.000000,-8.498900,0.000000,0.000000,152.833913,0.0
315,10,0.000000,-5.948041,0.000000,0.000000,162.310819,0.0
315,11,0.000000,-8.609381,0.000000,0.000000,171.336444,0.0
315,12,0.000000,-7.771358,0.000000,0.000000,178.055520,0.0
315,13,0.000000,-6.058945,0.000000,0.000000,184.674312,0.0
315,14,15.731579,-5.748212,0.000000,0.000000,192.446378,3027.485398770862
315,15,22.732463,-7.973475,0.000000,0.000000,196.257197,4461.409469286211
315,16,25.908321,-14.398256,0.000000,0.000000,198.262891,5136.658622416011
315,17,26.429209,-18.302644,0.000000,0.000000,194.903353,5151.141451237777
315,18,26.845141,-17.418845,0.000000,0.000000,187.983708,5046.449146962828
315,19,26.845141,-19.521122,0.000000,0.000000,182.066909,4887.61184353917
315,20,26.845141,-18.952138,0.000000,0.000000,188.284562,5054.525615013242
315,21,26.845141,-16.702572,0.000000,0.000000,182.417906,4897.034407494746
315,22,26.845141,-18.668429,0.000000,0.000000,169.230465,4543.0156944205655
315,23,26.755735,-17.632448,0.000000,0.000000,156.293736,4181.75378257596
315,24,26.429209,-17.185947,0.000000,0.000000,147.518823,3898.805804501007
316,1,22.732463,-10.890734,0.000000,0.000000,45.745017,1039.8969063868708
316,2,22.732463,-13.095448,0.000000,0.000000,44.447960,1010.41160612548
316,3,25.908321,-19.103754,0.000000,0.000000,43.815248,1135.1795098786079
316,4,26.429209,-19.397887,0.000000,0.000000,43.657071,1153.821853786839
316,5,26.401998,-15.782189,0.000000,0.000000,43.878519,1158.480570880962
316,6,22.732463,-11.375240,0.000000,0.000000,43.577982,990.634863429666
316,7,22.732463,-11.904017,0.000000,0.000000,43.815248,996.0285039958239
316,8,15.731579,-8.324087,0.000000,0.000000,45.634293,717.899485438647
316,9,0.000000,-8.261845,0.000000,0.000000,48.212591,0.0
316,10,0.000000,-6.795121,0.000000,0.000000,51.202151,0.0
316,11,0.000000,-9.740100,0.000000,0.000000,54.049351,0.0
316,12,0.000000,-9.328778,0.000000,0.000000,56.168934,0.0
316,13,0.000000,-7.706693,0.000000,0.000000,58.256881,0.0
316,14,15.731579,-7.464711,0.000000,0.000000,60.708636,955.0427032162439
316,15,22.732463,-9.880920,0.000000,0.000000,61.910788,1407.3846975108438
316,16,25.908321,-15.053964,0.000000,0.000000,62.543499,1620.397048555179
316,17,26.429209,-18.424093,0.000000,0.000000,61.483708,1624.965768826972
316,18,26.845141,-17.254905,0.000000,0.000000,59.300854,1591.9397870504142
316,19,26.845141,-19.358276,0.000000,0.000000,57.434356,1541.8333850641961
316,20,26.845141,-18.796760,0.000000,0.000000,59.395761,1594.4875788473012
316,21,26.845141,-16.605277,0.000000,0.000000,57.545081,1544.8058133014213
316,22,26.845141,-18.665599,0.000000,0.000000,53.385005,1433.1279865107051
316,23,26.755735,-17.617943,0.000000,0.000000,49.304018,1319.1652400432301
316,24,26.429209,-17.065599,0.000000,0.000000,46.535906,1229.907185678354
317,1,22.732463,-14.654485,0.000000,0.000000,0.000000,0.0
317,2,22.732463,-17.510491,0.000000,0.000000,0.000000,0.0
317,3,25.908321,-24.686114,0.000000,0.000000,0.000000,0.0
317,4,26.429209,-24.179258,0.000000,0.000000,0.000000,0.0
317,5,26.401998,-19.829560,0.000000,0.000000,0.000000,0.0
317,6,22.732463,-14.835439,0.000000,0.000000,0.000000,0.0
317,7,22.732463,-16.014956,0.000000,0.000000,0.000000,0.0
317,8,15.731579,-11.599231,0.000000,0.000000,0.000000,0.0
317,9,0.000000,-10.399091,0.000000,0.000000,0.000000,0.0
317,10,0.000000,-6.848529,0.000000,0.000000,0.000000,0.0
317,11,0.000000,-9.317396,0.000000,0.000000,0.000000,0.0
317,12,0.000000,-8.245196,0.000000,0.000000,0.000000,0.0
317,13,0.000000,-6.346665,0.000000,0.000000,0.000000,0.0
317,14,15.731579,-5.907360,0.000000,0.000000,0.000000,0.0
317,15,22.732463,-8.198848,0.000000,0.000000,0.000000,0.0
317,16,25.908321,-15.685204,0.000000,0.000000,0.000000,0.0
317,17,26.429209,-19.388991,0.000000,0.000000,0.000000,0.0
317,18,26.845141,-19.174098,0.000000,0.000000,0.000000,0.0
317,19,26.845141,-21.351369,0.000000,0.000000,0.000000,0.0
317,20,26.845141,-21.169965,0.000000,0.000000,0.000000,0.0
317,21,26.845141,-18.275477,0.000000,0.000000,0.000000,0.0
317,22,26.845141,-20.304458,0.000000,0.000000,0.000000,0.0
317,23,26.755735,-18.981523,0.000000,0.000000,0.000000,0.0
317,24,26.429209,-18.535606,0.000000,0.000000,0.000000,0.0
318,1,22.732463,-13.054557,0.000000,0.000000,152.330908,3462.856729866404
318,2,22.732463,-15.867753,0.000000,0.000000,148.011705,3364.670607479415
318,3,25.908321,-23.794569,0.000000,0.000000,145.904777,3780.147797949417
318,4,26.429209,-23.620108,0.000000,0.000000,145.378045,3842.2267353164048
318,5,26.401998,-19.386867,0.000000,0.000000,146.115470,3857.7403467090594
318,6,22.732463,-13.735143,0.000000,0.000000,145.114679,3298.814071124377
318,7,22.732463,-14.259178,0.000000,0.000000,145.904777,3316.7749446757507
318,8,15.731579,-10.038266,0.000000,0.000000,151.962196,2390.605291387484
318,9,0.000000,-9.002458,0.000000,0.000000,160.547928,0.0
318,10,0.000000,-5.648092,0.000000,0.000000,170.503164,0.0
318,11,0.000000,-8.182660,0.000000,0.000000,179.984340,0.0
318,12,0.000000,-7.093724,0.000000,0.000000,187.042550,0.0
318,13,0.000000,-5.240919,0.000000,0.000000,193.995413,0.0
318,14,15.731579,-4.808349,0.000000,0.000000,202.159760,3180.29223506104
318,15,22.732463,-7.092568,0.000000,0.000000,206.162923,4686.591019069349
318,16,25.908321,-15.392765,0.000000,0.000000,208.269851,5395.922154330171
318,17,26.429209,-19.290138,0.000000,0.000000,204.740747,5411.135993279123
318,18,26.845141,-19.652303,0.000000,0.000000,197.471844,5301.159495710004
318,19,26.845141,-21.851698,0.000000,0.000000,191.256406,5134.305186223246
318,20,26.845141,-21.838379,0.000000,0.000000,197.787884,5309.643634071644
318,21,26.845141,-18.540973,0.000000,0.000000,191.625119,5144.20333869678
318,22,26.845141,-20.577908,0.000000,0.000000,177.772066,4772.316177631306
318,23,26.755735,-19.075920,0.000000,0.000000,164.182379,4392.820224193565
318,24,26.429209,-18.683548,0.000000,0.000000,154.964568,4095.5909552667126
319,1,22.732463,-8.331517,0.000000,0.000000,82.798482,1882.2134285211662
319,2,22.732463,-10.252973,0.000000,0.000000,80.450807,1828.844993447641
319,3,25.908321,-15.543185,0.000000,0.000000,79.305600,2054.6749418976
319,4,26.429209,-15.993676,0.000000,0.000000,79.019298,2088.417541875282
319,5,26.401998,-12.718018,0.000000,0.000000,79.420120,2096.84984939976
319,6,22.732463,-8.896284,0.000000,0.000000,78.876147,1793.049093260061
319,7,22.732463,-9.290490,0.000000,0.000000,79.305600,1802.8116176928
319,8,15.731579,-6.906166,0.000000,0.000000,82.598070,1299.39806345253
319,9,0.000000,-7.483969,0.000000,0.000000,87.264790,0.0
319,10,0.000000,-7.722009,0.000000,0.000000,92.675894,0.0
319,11,0.000000,-11.614724,0.000000,0.000000,97.829326,0.0
319,12,0.000000,-11.853734,0.000000,0.000000,101.665770,0.0
319,13,0.000000,-10.614073,0.000000,0.000000,105.444954,0.0
319,14,15.731579,-10.541351,0.000000,0.000000,109.882632,1728.627306035928
319,15,22.732463,-12.211876,0.000000,0.000000,112.058526,2547.366296129538
319,16,25.908321,-15.148792,0.000000,0.000000,113.203733,2932.918652962293
319,17,26.429209,-18.842412,0.000000,0.000000,111.285511,2941.188028890799
319,18,26.845141,-17.061683,0.000000,0.000000,107.334546,2881.4110215409864
319,19,26.845141,-19.139180,0.000000,0.000000,103.956185,2790.7184441470854
319,20,26.845141,-18.405731,0.000000,0.000000,107.506327,2886.0225067071074
319,21,26.845141,-16.575314,0.000000,0.000000,104.156596,2796.098505700036
319,22,26.845141,-18.728811,0.000000,0.000000,96.626859,2593.961654242119
319,23,26.755735,-17.765522,0.000000,0.000000,89.240272,2387.6890689599204
319,24,26.429209,-16.876074,0.000000,0.000000,84.229990,2226.13200977791
320,1,22.732463,-7.054913,0.000000,0.000000,58.553622,1331.0680456309858
320,2,22.732463,-8.703154,0.000000,0.000000,56.893388,1293.326837654644
320,3,25.908321,-13.355813,0.000000,0.000000,56.083518,1453.029787153278
320,4,26.429209,-13.938987,0.000000,0.000000,55.881050,1476.89194958945
320,5,26.401998,-10.963610,0.000000,0.000000,56.164505,1482.85514868099
320,6,22.732463,-7.644524,0.000000,0.000000,55.779817,1268.012626099271
320,7,22.732463,-7.926634,0.000000,0.000000,56.083518,1274.9164978448339
320,8,15.731579,-6.178900,0.000000,0.000000,58.411895,918.911340732205
320,9,0.000000,-6.419927,0.000000,0.000000,61.712116,0.0
320,10,0.000000,-8.039468,0.000000,0.000000,65.538754,0.0
320,11,0.000000,-12.752233,0.000000,0.000000,69.183170,0.0
320,12,0.000000,-13.628119,0.000000,0.000000,71.896235,0.0
320,13,0.000000,-12.723626,0.000000,0.000000,74.568807,0.0
320,14,15.731579,-12.903847,0.000000,0.000000,77.707055,1222.454674589845
320,15,22.732463,-13.934938,0.000000,0.000000,79.245808,1801.452398265104
320,16,25.908321,-15.212291,0.000000,0.000000,80.055679,2074.108229404959
320,17,26.429209,-20.049395,0.000000,0.000000,78.699146,2079.956177755514
320,18,26.845141,-18.123627,0.000000,0.000000,75.905093,2037.6829242031129
320,19,26.845141,-20.139911,0.000000,0.000000,73.515976,1973.546741472616
320,20,26.845141,-19.297637,0.000000,0.000000,76.026574,2040.944098776934
320,21,26.845141,-17.742806,0.000000,0.000000,73.657703,1977.351422771123
320,22,26.845141,-19.891041,0.000000,0.000000,68.332806,1834.4038119956463
320,23,26.755735,-18.916470,0.000000,0.000000,63.109143,1688.5315061851052
320,24,26.429209,-17.676474,0.000000,0.000000,59.565960,1574.28120612564
321,1,22.732463,-12.703539,0.000000,0.000000,0.000000,0.0
321,2,22.732463,-15.444811,0.000000,0.000000,0.000000,0.0
321,3,25.908321,-24.053471,0.000000,0.000000,0.000000,0.0
321,4,26.429209,-24.183738,0.000000,0.000000,0.000000,0.0
321,5,26.401998,-20.064128,0.000000,0.000000,0.000000,0.0
321,6,22.732463,-13.794320,0.000000,0.000000,0.000000,0.0
321,7,22.732463,-13.715577,0.000000,0.000000,0.000000,0.0
321,8,15.731579,-9.720682,0.000000,0.000000,0.000000,0.0
321,9,0.000000,-8.901419,0.000000,0.000000,0.000000,0.0
321,10,0.000000,-5.803385,0.000000,0.000000,0.000000,0.0
321,11,0.000000,-8.469582,0.000000,0.000000,0.000000,0.0
321,12,0.000000,-7.417677,0.000000,0.000000,0.000000,0.0
321,13,0.000000,-5.659120,0.000000,0.000000,0.000000,0.0
321,14,15.731579,-5.293616,0.000000,0.000000,0.000000,0.0
321,15,22.732463,-7.600902,0.000000,0.000000,0.000000,0.0
321,16,25.908321,-16.672502,0.000000,0.000000,0.000000,0.0
321,17,26.429209,-20.723346,0.000000,0.000000,0.000000,0.0
321,18,26.845141,-20.596016,0.000000,0.000000,0.000000,0.0
321,19,26.845141,-22.762096,0.000000,0.000000,0.000000,0.0
321,20,26.845141,-22.592628,0.000000,0.000000,0.000000,0.0
321,21,26.845141,-19.691861,0.000000,0.000000,0.000000,0.0
321,22,26.845141,-21.696631,0.000000,0.000000,0.000000,0.0
321,23,26.755735,-20.386479,0.000000,0.000000,0.000000,0.0
321,24,26.429209,-19.975169,0.000000,0.000000,0.000000,0.0
322,1,22.732463,-15.102811,0.000000,0.000000,0.000000,0.0
322,2,22.732463,-17.226279,0.000000,0.000000,0.000000,0.0
322,3,25.908321,-26.997495,0.000000,0.000000,0.000000,0.0
322,4,26.429209,-26.842651,0.000000,0.000000,0.000000,0.0
322,5,26.401998,-22.262921,0.000000,0.000000,0.000000,0.0
322,6,22.732463,-14.852260,0.000000,0.000000,0.000000,0.0
322,7,22.732463,-15.147888,0.000000,0.000000,0.000000,0.0
322,8,15.731579,-11.393913,0.000000,0.000000,0.000000,0.0
322,9,0.000000,-9.490099,0.000000,0.000000,0.000000,0.0
322,10,0.000000,-6.214193,0.000000,0.000000,0.000000,0.0
322,11,0.000000,-9.582387,0.000000,0.000000,0.000000,0.0
322,12,0.000000,-8.130557,0.000000,0.000000,0.000000,0.0
322,13,0.000000,-6.736911,0.000000,0.000000,0.000000,0.0
322,14,15.731579,-6.570198,0.000000,0.000000,0.000000,0.0
322,15,22.732463,-9.157008,0.000000,0.000000,0.000000,0.0
322,16,25.908321,-19.957982,0.000000,0.000000,0.000000,0.0
322,17,26.429209,-23.510218,0.000000,0.000000,0.000000,0.0
322,18,26.845141,-22.922037,0.000000,0.000000,0.000000,0.0
322,19,26.845141,-25.090940,0.000000,0.000000,0.000000,0.0
322,20,26.845141,-25.213549,0.000000,0.000000,0.000000,0.0
322,21,26.845141,-22.580095,0.000000,0.000000,0.000000,0.0
322,22,26.845141,-24.524624,0.000000,0.000000,0.000000,0.0
322,23,26.755735,-23.456951,0.000000,0.000000,0.000000,0.0
322,24,26.429209,-23.044256,0.000000,0.000000,0.000000,0.0
323,1,22.732463,-6.721816,0.000000,0.000000,0.000000,0.0
323,2,22.732463,-8.209327,0.000000,0.000000,0.000000,0.0
323,3,25.908321,-12.506227,0.000000,0.000000,0.000000,0.0
323,4,26.429209,-13.161100,0.000000,0.000000,0.000000,0.0
323,5,26.401998,-10.352664,0.000000,0.000000,0.000000,0.0
323,6,22.732463,-7.307611,0.000000,0.000000,0.000000,0.0
323,7,22.732463,-7.529981,0.000000,0.000000,0.000000,0.0
323,8,15.731579,-6.039745,0.000000,0.000000,0.000000,0.0
323,9,0.000000,-6.021703,0.000000,0.000000,0.000000,0.0
323,10,0.000000,-8.627130,0.000000,0.000000,0.000000,0.0
323,11,0.000000,-13.047241,0.000000,0.000000,0.000000,0.0
323,12,0.000000,-14.391467,0.000000,0.000000,0.000000,0.0
323,13,0.000000,-13.419502,0.000000,0.000000,0.000000,0.0
323,14,15.731579,-13.812508,0.000000,0.000000,0.000000,0.0
323,15,22.732463,-14.627028,0.000000,0.000000,0.000000,0.0
323,16,25.908321,-15.223669,0.000000,0.000000,0.000000,0.0
323,17,26.429209,-21.003200,0.000000,0.000000,0.000000,0.0
323,18,26.845141,-19.186091,0.000000,0.000000,0.000000,0.0
323,19,26.845141,-21.153651,0.000000,0.000000,0.000000,0.0
323,20,26.845141,-20.267346,0.000000,0.000000,0.000000,0.0
323,21,26.845141,-18.849157,0.000000,0.000000,0.000000,0.0
323,22,26.845141,-20.960937,0.000000,0.000000,0.000000,0.0
323,23,26.755735,-19.947239,0.000000,0.000000,0.000000,0.0
323,24,26.429209,-18.492111,0.000000,0.000000,0.000000,0.0
324,1,22.732463,-11.903018,0.000000,0.000000,0.000000,0.0
324,2,22.732463,-12.810850,0.000000,0.000000,0.000000,0.0
324,3,25.908321,-15.022274,0.000000,0.000000,0.000000,0.0
324,4,26.429209,-15.188428,0.000000,0.000000,0.000000,0.0
324,5,26.401998,-13.533838,0.000000,0.000000,0.000000,0.0
324,6,22.732463,-11.466478,0.000000,0.000000,0.000000,0.0
324,7,22.732463,-11.883993,0.000000,0.000000,0.000000,0.0
324,8,15.731579,-10.876554,0.000000,0.000000,0.000000,0.0
324,9,0.000000,-12.923187,0.000000,0.000000,0.000000,0.0
324,10,0.000000,-8.499857,0.000000,0.000000,0.000000,0.0
324,11,0.000000,-10.552194,0.000000,0.000000,0.000000,0.0
324,12,0.000000,-9.063106,0.000000,0.000000,0.000000,0.0
324,13,0.000000,-7.369537,0.000000,0.000000,0.000000,0.0
324,14,15.731579,-7.196313,0.000000,0.000000,0.000000,0.0
324,15,22.732463,-8.776951,0.000000,0.000000,0.000000,0.0
324,16,25.908321,-13.472596,0.000000,0.000000,0.000000,0.0
324,17,26.429209,-15.650658,0.000000,0.000000,0.000000,0.0
324,18,26.845141,-13.828085,0.000000,0.000000,0.000000,0.0
324,19,26.845141,-15.615313,0.000000,0.000000,0.000000,0.0
324,20,26.845141,-14.360783,0.000000,0.000000,0.000000,0.0
324,21,26.845141,-13.140905,0.000000,0.000000,0.000000,0.0
324,22,26.845141,-14.342315,0.000000,0.000000,0.000000,0.0
324,23,26.755735,-13.538524,0.000000,0.000000,0.000000,0.0
324,24,26.429209,-13.079645,0.000000,0.000000,0.000000,0.0
325,1,22.732463,-6.721816,0.000000,0.000000,0.000000,0.0
325,2,22.732463,-8.209327,0.000000,0.000000,0.000000,0.0
325,3,25.908321,-12.506227,0.000000,0.000000,0.000000,0.0
325,4,26.429209,-13.161100,0.000000,0.000000,0.000000,0.0
325,5,26.401998,-10.352664,0.000000,0.000000,0.000000,0.0
325,6,22.732463,-7.307611,0.000000,0.000000,0.000000,0.0
325,7,22.732463,-7.529981,0.000000,0.000000,0.000000,0.0
325,8,15.731579,-6.039745,0.000000,0.000000,0.000000,0.0
325,9,0.000000,-6.021703,0.000000,0.000000,0.000000,0.0
325,10,0.000000,-8.627130,0.000000,0.000000,0.000000,0.0
325,11,0.000000,-13.047241,0.000000,0.000000,0.000000,0.0
325,12,0.000000,-14.391467,0.000000,0.000000,0.000000,0.0
325,13,0.000000,-13.419502,0.000000,0.000000,0.000000,0.0
325,14,15.731579,-13.812508,0.000000,0.000000,0.000000,0.0
325,15,22.732463,-14.627028,0.000000,0.000000,0.000000,0.0
325,16,25.908321,-15.223669,0.000000,0.000000,0.000000,0.0
325,17,26.429209,-21.003200,0.000000,0.000000,0.000000,0.0
325,18,26.845141,-19.186091,0.000000,0.000000,0.000000,0.0
325,19,26.845141,-21.153651,0.000000,0.000000,0.000000,0.0
325,20,26.845141,-20.267346,0.000000,0.000000,0.000000,0.0
325,21,26.845141,-18.849157,0.000000,0.000000,0.000000,0.0
325,22,26.845141,-20.960937,0.000000,0.000000,0.000000,0.0
325,23,26.755735,-19.947239,0.000000,0.000000,0.000000,0.0
325,24,26.429209,-18.492111,0.000000,0.000000,0.000000,0.0
